0,0,3
3,4,0.35
2,5,6
1,1.2,1.2
12,1.000
-1,1
43,0
44,zzq.ass
230,501,0,0,0,0,0,0
230,502,-8.8,0,-0.6,0,0,0
230,504,0,0,0,0,0,0
100,115.150,21.700,0.800
250,502,112.500,32.500,17.860
250,504,111.650,21.700,0.800
300,301,3
60,273.000,7.000,108.480
61,273.000,7.000,108.480
70,137,132.6,11.20,198,182.68
90,20.000,104.000,0.800
10,4,5,150
      1,1,1,0.000,0.000,5.800
10,5,6,130
      1,1,1,0.000,0.000,1.306
      0,1,1,0.457,81.469,1
      1,1,1,1.356,3.833,0.610
10,6,502,100
      1,1,1,1.144,3.233,0.514
      0,1,1,0.457,81.469,1
      1,1,0,0.000,0.000,1.525
10,4,5,150
      1,1,1,0.000,0.000,5.800
10,5,6,130
      1,1,1,0.000,0.000,1.306
      0,1,1,0.457,81.469,1
      1,1,1,1.144,0.000,2.000
10,6,502,100
      1,1,1,1.144,0.000,2.000
      0,1,1,0.457,81.469,1
      1,1,0,0.000,0.000,1.525
10,1,1,1
10,1,1,1
