0,0,3
3,4,0.25
2,5,6
1,1.2,1.2
12,1.000
-1,2
44,zzq.ass
230,501,-42.1,0,0,0,0,0
230,506,42.1,0,0,0,0,0
230,508,42.1,0,0,0,0,0
230,510,-7.9,-2.42,0,0,0,0
230,512,-7.9,2.42,0,0,0,0
230,514,6.9,-2.2,-2,0,0,0
230,516,6.9,2.2,-2,0,0,0
230,518,6.9,-2.2,-2,0,0,0
230,520,6.9,2.2,-2,0,0,0
230,524,0,0.6,3.8,0,0,0
100,91.941,66.350,46.800
250,503,25.490,35.200,18.000
250,504,89.490,35.200,18.000
250,506,63.059,66.350,46.800
250,508,21.559,66.350,46.800
250,510,88.066,10.620,7.860
250,512,88.066,11.380,7.860
250,514,67.930,10.620,7.860
250,516,67.930,11.380,7.860
250,518,26.430,10.620,7.860
250,520,26.430,11.380,7.860
250,524,125.500,10.500,2.200
300,301,1.19
300,302,1.26
300,303,1.16
300,304,1.15
300,305,1.15
300,306,1.16
300,307,1.26
300,308,1.15
300,309,1.15
300,310,1.15
60,325.000,25.000,238.74
61,325.000,25.000,238.74
70,157,68.5,14.59,208,157.5
90,20.000,545.000,9.810
10,501,73,82
      1,1,1,-1.641,0.000,0.000
10,73,74,82
      1,1,1,-3.350,0.000,0.000
      0,1,1,1.370,90.000,2
      1,1,1,0.000,0.000,-2.500
10,74,75,120
      1,1,1,0.000,0.000,-0.795
10,75,76,130
      1,1,1,0.000,0.000,-1.705
      0,1,1,1.370,90.000,2
      1,1,1,0.000,-5.000,0.000
10,76,77,81
      1,1,1,0.000,-6.600,0.000
10,77,78,150
      1,1,1,0.000,-2.400,0.000
      0,1,1,1.370,90.000,2
      1,1,1,0.000,0.000,-5.000
10,78,79,82
      1,1,1,0.000,0.000,-6.900
10,79,80,81
      1,1,1,0.000,0.000,-3.900
      0,1,1,1.370,90.000,2
      1,1,1,0.000,-2.350,0.000
10,80,81,150
      1,1,1,0.000,-5.500,0.000
      1,1,1,0.000,-1.500,0.000
      1,1,1,0.000,-0.500,0.000
10,81,17,81
      1,1,1,0.000,-6.500,0.000
10,17,306,100
      1,1,1,0.000,-0.800,0.000
      0,1,1,0.457,90.000,1
      1,1,1,0.000,0.000,-6.550
      4,1,1,0.000,0.000,-0.900,1110.000,0.000
      1,1,1,0.000,0.000,-0.550
60,426.000,34.000,400.79
61,426.000,34.000,400.79
10,306,307,100
      1,1,1,1.420,0.000,0.000
10,307,16,260
      1,1,1,0.630,0.000,0.000
10,16,504,100
      1,1,1,0.400,0.000,0.000
      1,1,1,0.090,0.000,0.000
10,306,15,81
      1,1,1,-1.550,0.000,0.000
10,15,305,100
      1,1,1,-0.800,0.000,0.000
10,305,14,81
      1,1,1,-2.370,0.000,0.000
      4,1,1,-1.300,0.000,0.000,2275.000,0.000
      1,1,1,-0.600,0.000,0.000
10,14,304,100
      1,1,1,-0.830,0.000,0.000
10,304,303,100
      1,1,1,-1.060,0.000,0.000
10,303,13,150
      1,1,1,-0.430,0.000,0.000
      1,1,1,-0.480,0.000,0.000
60,377.000,30.000,319.54
61,377.000,28.000,303.82
      1,1,1,-0.370,0.000,0.000
10,13,12,81
      1,1,1,-0.540,0.000,0.000
      4,1,1,-1.200,0.000,0.000,1940.000,0.000
      1,1,1,-1.020,0.000,0.000
      0,1,1,0.566,90.000,1
      1,1,1,0.000,0.000,5.000
      0,1,1,0.566,90.000,1
      1,1,1,0.000,-0.750,0.000
10,12,11,81
      1,1,1,0.000,-0.950,0.000
      0,1,1,0.566,90.000,1
      1,1,1,-4.000,0.000,0.000
10,11,10,81
      1,1,1,-4.100,0.000,0.000
      0,1,1,0.566,90.000,1
      1,1,1,0.000,-0.800,0.000
10,10,9,130
      1,1,1,0.000,-6.100,0.000
      0,1,1,0.566,90.000,1
      1,1,1,-0.800,0.000,0.000
10,9,8,160
      1,1,1,-8.000,0.000,0.000
10,8,7,130
      1,1,1,-8.000,0.000,0.000
10,7,6,81
      1,1,1,-0.800,0.000,0.000
      0,1,1,0.566,90.000,1
      1,1,1,0.000,5.050,0.000
10,6,5,81
      1,1,1,0.000,0.800,0.000
      0,1,1,0.566,90.000,1
      1,1,1,-5.600,0.000,0.000
10,5,4,81
      1,1,1,-4.000,0.000,0.000
      0,1,1,0.566,90.000,1
      1,1,1,0.000,1.630,0.000
10,4,3,150
      1,1,1,0.000,1.120,0.000
      0,1,1,0.566,90.000,1
      1,1,1,0.000,0.000,-5.000
      0,1,1,0.566,90.000,1
      1,1,1,-1.200,0.000,0.000
10,3,2,81
      1,1,1,-5.900,0.000,0.000
10,2,302,100
      1,1,1,-0.700,0.000,0.000
10,302,301,100
      1,1,1,-4.370,0.000,0.000
      1,1,1,-0.380,0.000,0.000
10,301,1,260
      1,1,1,-0.580,0.000,0.000
10,1,503,100
      1,1,1,-0.400,0.000,0.000
      1,1,1,-0.080,0.000,0.000
60,325.000,25.000,238.74
61,325.000,25.000,238.74
10,303,18,82
      1,1,1,0.000,0.000,0.550
      4,1,1,0.000,0.000,0.900,1110.000,0.000
      1,1,1,0.000,0.000,4.550
10,18,19,81
      1,1,1,0.000,0.000,2.000
      0,1,1,0.457,90.000,1
      1,1,1,0.000,3.000,0.000
      0,1,1,0.457,90.000,1
      1,1,1,-1.440,0.000,0.000
10,19,20,81
      1,1,1,-7.500,0.000,0.000
10,20,82,150
      1,1,1,-1.450,0.000,0.000
      0,1,1,0.457,90.000,1
      1,1,1,0.000,4.300,0.000
10,82,83,81
      1,1,1,0.000,0.500,0.000
      1,1,1,0.000,1.500,0.000
      1,1,1,0.000,5.500,0.000
10,83,84,82
      1,1,1,0.000,2.350,0.000
      0,1,1,1.370,90.000,2
      1,1,1,0.000,0.000,3.900
10,84,85,150
      1,1,1,0.000,0.000,6.900
10,85,86,81
      1,1,1,0.000,0.000,5.000
      0,1,1,1.370,90.000,2
      1,1,1,0.000,2.400,0.000
10,86,87,130
      1,1,1,0.000,6.600,0.000
10,87,88,120
      1,1,1,0.000,5.000,0.000
      0,1,1,1.370,90.000,2
      1,1,1,0.000,0.000,1.705
10,88,89,82
      1,1,1,0.000,0.000,0.795
10,89,90,82
      1,1,1,0.000,0.000,2.500
      0,1,1,1.370,90.000,2
      1,1,1,-3.350,0.000,0.000
10,90,506,100
      1,1,0,-1.641,0.000,0.000
10,301,21,81
      1,1,1,0.000,0.000,0.550
      4,1,1,0.000,0.000,0.900,1110.000,0.000
      1,1,1,0.000,0.000,6.550
      0,1,1,0.457,90.000,1
      1,1,1,0.000,0.800,0.000
10,21,91,150
      1,1,1,0.000,6.500,0.000
10,91,92,81
      1,1,1,0.000,0.500,0.000
      1,1,1,0.000,1.500,0.000
      1,1,1,0.000,5.500,0.000
10,92,93,82
      1,1,1,0.000,2.350,0.000
      0,1,1,1.370,90.000,2
      1,1,1,0.000,0.000,3.900
10,93,94,150
      1,1,1,0.000,0.000,6.900
10,94,95,81
      1,1,1,0.000,0.000,5.000
      0,1,1,1.370,90.000,2
      1,1,1,0.000,2.400,0.000
10,95,96,130
      1,1,1,0.000,6.600,0.000
10,96,97,120
      1,1,1,0.000,5.000,0.000
      0,1,1,1.370,90.000,2
      1,1,1,0.000,0.000,1.705
10,97,98,82
      1,1,1,0.000,0.000,0.795
10,98,99,82
      1,1,1,0.000,0.000,2.500
      0,1,1,1.370,90.000,2
      1,1,1,-3.350,0.000,0.000
10,99,508,100
      1,1,0,-1.641,0.000,0.000
60,377.000,30.000,319.54
61,377.000,28.000,303.82
10,305,22,81
      1,1,1,0.000,-0.600,0.000
      4,1,1,0.000,-1.200,0.000,1940.000,0.000
      1,1,1,0.000,-0.250,0.000
10,22,23,82
      1,1,1,0.000,-1.100,0.000
      0,1,1,0.566,90.000,1
      1,1,1,0.000,0.000,3.000
10,23,24,81
      1,1,1,0.000,0.000,2.000
      0,1,1,0.566,90.000,1
      1,1,1,0.000,-3.250,0.000
10,24,25,120
      1,1,1,0.000,-4.000,0.000
      0,1,1,0.566,90.000,1
      1,1,1,0.000,0.000,-2.000
10,25,26,82
      1,1,1,0.000,0.000,-1.100
10,26,27,130
      1,1,1,0.000,0.000,-3.600
      1,1,1,0.000,0.000,-1.500
      1,1,1,0.000,0.000,-1.500
10,27,28,82
      1,1,1,0.000,0.000,-5.800
      0,1,1,0.566,90.000,1
      1,1,1,0.000,-2.250,0.000
10,28,29,82
      1,1,1,0.000,-3.750,0.000
      4,1,1,0.000,-1.200,0.000,1940.000,0.000
      1,1,1,0.000,-0.700,0.000
10,29,308,100
      1,1,1,0.000,-1.03380,0.000
      0,1,1,0.566,30.000,1
      1,1,1,0.000,-0.62354,0.360
      0,1,1,0.566,30.000,1
      1,1,1,0.000,-0.60266,0.000
      1,1,1,0.000,-0.380,0.000
10,308,30,130
      1,1,1,0.000,-0.380,0.000
      1,1,1,0.000,-0.380,0.000
60,273.000,22.000,181.51
61,273.000,20.000,170.13
      1,1,1,0.000,-2.000,0.000
10,30,510,100
      1,1,1,0.000,-0.880,0.000
      0,1,1,0.381,90.000,1
      1,1,1,3.466,0.000,0.000
10,308,31,82
      1,1,1,2.000,0.000,0.000
      0,1,1,0.381,90.000,1
      1,1,1,0.000,-0.800,0.000
10,31,512,100
      1,1,1,0.000,-2.080,0.000
      0,1,1,0.381,90.000,1
      1,1,0,1.466,0.000,0.000
60,377.000,30.000,319.54
61,377.000,28.000,303.82
10,304,32,81
      1,1,1,0.000,-0.600,0.000
      4,1,1,0.000,-1.200,0.000,1940.000,0.000
      1,1,1,0.000,-0.250,0.000
10,32,33,81
      1,1,1,0.000,-1.100,0.000
      0,1,1,0.566,90.000,1
      1,1,1,0.000,0.000,5.000
      0,1,1,0.566,90.000,1
      1,1,1,-1.000,0.000,0.000
10,33,34,81
      1,1,1,-7.000,0.000,0.000
10,34,35,81
      1,1,1,-2.200,0.000,0.000
      0,1,1,0.566,90.000,1
      1,1,1,0.000,-3.250,0.000
10,35,36,120
      1,1,1,0.000,-4.000,0.000
      0,1,1,0.566,90.000,1
      1,1,1,0.000,0.000,-2.000
10,36,37,82
      1,1,1,0.000,0.000,-1.100
10,37,38,130
      1,1,1,0.000,0.000,-3.600
      1,1,1,0.000,0.000,-1.500
      1,1,1,0.000,0.000,-1.500
10,38,39,82
      1,1,1,0.000,0.000,-5.849
      0,1,1,0.566,90.000,1
      1,1,1,0.000,-2.250,0.000
10,39,40,82
      1,1,1,0.000,-3.750,0.000
      4,1,1,0.000,-1.200,0.000,1940.000,0.000
      1,1,1,0.000,-0.400,0.000
10,40,41,82
      1,1,1,0.000,-1.84188,0.000
      0,1,1,0.566,30.000,1
      1,1,1,0.000,-0.70812,0.40883
      0,1,1,0.566,90.000,1
      1,1,1,0.850,0.000,0.000
10,41,309,100
      1,1,1,1.850,0.000,0.000
10,309,42,130
      1,1,1,0.380,0.000,0.000
      1,1,1,0.380,0.000,0.000
60,273.000,22.000,181.51
61,273.000,20.000,170.13
      1,1,1,0.740,0.000,0.000
      0,1,1,0.381,90.000,1
      1,1,1,0.000,-0.800,0.000
10,42,43,82
      1,1,1,0.000,-3.230,0.000
      0,1,1,0.381,90.000,1
      1,1,1,-1.700,0.000,0.000
10,43,514,100
      1,1,0,-3.870,0.000,0.000
10,309,44,130
      1,1,1,0.000,-2.470,0.000
10,44,516,100
      1,1,1,0.000,-0.800,0.000
      0,1,1,0.381,90.000,1
      1,1,0,-4.070,0.000,0.000
60,377.000,30.000,319.54
61,377.000,28.000,303.82
10,302,45,81
      1,1,1,0.000,-0.600,0.000
      4,1,1,0.000,-1.200,0.000,1940.000,0.000
      1,1,1,0.000,-0.250,0.000
10,45,46,82
      1,1,1,0.000,-1.100,0.000
      0,1,1,0.566,90.000,1
      1,1,1,0.000,0.000,3.000
10,46,47,81
      1,1,1,0.000,0.000,2.000
      0,1,1,0.566,90.000,1
      1,1,1,-2.500,0.000,0.000
10,47,48,81
      1,1,1,-1.000,0.000,0.000
      0,1,1,0.566,90.000,1
      1,1,1,0.000,-4.630,0.000
10,48,49,120
      1,1,1,0.000,-2.620,0.000
      0,1,1,0.566,90.000,1
      1,1,1,0.000,0.000,-2.000
260,50,-23000	  
10,49,50,82
      1,1,1,0.000,0.000,-1.100
10,50,51,130
      1,1,1,0.000,0.000,-3.600
      1,1,1,0.000,0.000,-1.500
      1,1,1,0.000,0.000,-1.500
10,51,52,82
      1,1,1,0.000,0.000,-5.849
      0,1,1,0.566,90.000,1
      1,1,1,0.000,-2.250,0.000
10,52,53,82
      1,1,1,0.000,-3.750,0.000
      4,1,1,0.000,-1.200,0.000,1940.000,0.000
      1,1,1,0.000,-0.400,0.000
10,53,54,82
      1,1,1,0.000,-1.84189,0.000
      0,1,1,0.566,30.000,1
      1,1,1,0.000,-0.70811,0.40883
      0,1,1,0.566,90.000,1
      1,1,1,0.850,0.000,0.000
10,54,310,100
      1,1,1,1.850,0.000,0.000
10,310,55,130
      1,1,1,0.380,0.000,0.000
      1,1,1,0.380,0.000,0.000
60,273.000,22.000,181.51
61,273.000,20.000,170.13
      1,1,1,0.740,0.000,0.000
      0,1,1,0.381,90.000,1
      1,1,1,0.000,-0.800,0.000
10,55,56,82
      1,1,1,0.000,-3.230,0.000
      0,1,1,0.381,90.000,1
      1,1,1,-1.700,0.000,0.000
10,56,518,100
      1,1,0,-3.870,0.000,0.000
10,310,57,130
      1,1,1,0.000,-2.470,0.000
10,57,520,100
      1,1,1,0.000,-0.800,0.000
      0,1,1,0.381,90.000,1
      1,1,0,-4.070,0.000,0.000
60,219.000,18.000,126.42
61,219.000,16.000,117.3
10,307,58,81
      1,1,1,0.000,-0.925,0.000
      4,1,1,0.000,-0.750,0.000,600.000,0.000
      1,1,1,0.000,-0.475,0.000
10,58,59,82
      1,1,1,0.000,-1.000,0.000
      0,1,1,0.305,90.000,1
      1,1,1,0.000,0.000,3.000
260,60,-3000
10,59,60,81
      1,1,1,0.000,0.000,2.000
      0,1,1,0.305,90.000,1
      1,1,1,0.000,-1.800,0.000
10,60,61,130
      1,1,1,0.000,-3.850,0.000
      0,1,1,0.305,90.000,1
      1,1,1,0.600,0.000,0.000
260,62,-3000
10,61,62,81
      1,1,1,5.230,0.000,0.000
10,62,63,130
      1,1,1,0.600,0.000,0.000
      0,1,1,0.305,90.000,1
      1,1,1,0.000,0.000,-5.000
      0,1,1,0.305,90.000,1
      1,1,1,0.600,0.000,0.000
10,63,522,100
      1,1,1,3.092,0.000,0.000
10,522,64,130
      4,1,1,0.700,0.000,0.000,300.000,0.000
60,530.000,18.000,350
61,530.000,18.000,350
90,20.000,545.000,1.000
      1,1,1,0.708,0.000,0.000
215,311,0.000,0.000,-24000,0.000,0.000,0.000
10,64,311,100
      1,1,1,4.800,0.000,0.000
60,530.000,10.000,142.7
61,530.000,10.000,142.7
70,137,125,12.45,198,171
90,20.000,250.000,1.000
      1,1,1,0.300,0.000,0.000
10,311,65,177
      1,1,1,0.500,0.000,0.000
215,312,0.000,0.000,-24000,0.000,0.000,0.000
10,65,312,100
      1,1,1,0.500,0.000,0.000
10,312,66,81
      1,1,1,1.708,0.000,0.000
60,630.000,8.000,142.78
61,630.000,8.000,142.78
70,123,113,12.88,206,193.2
90,20.000,185.000,1.000
      1,1,1,3.992,0.000,0.000
10,66,67,81
      1,1,1,1.000,0.000,0.000
      0,1,1,0.650,90.000,1
      1,1,1,0.000,-3.100,0.000
      0,1,1,0.650,90.000,1
      1,1,1,0.000,0.000,-4.000
      0,1,1,0.650,90.000,1
      1,1,1,1.000,0.000,0.000
10,67,68,81
      1,1,1,5.800,0.000,0.000
10,68,69,130
      1,1,1,1.000,0.000,0.000
      0,1,1,0.650,90.000,1
      1,1,1,0.000,0.000,-4.850
10,69,70,81
      1,1,1,0.000,0.000,-2.150
      0,1,1,0.650,90.000,1
      1,1,1,0.000,-2.300,0.000
10,70,71,81
      1,1,1,0.000,-9.500,0.000
10,71,72,81
      1,1,1,0.000,-1.000,0.000
      0,1,1,0.650,90.000,1
      1,1,1,0.000,0.000,-3.500
      0,1,1,0.650,90.000,1
      1,1,1,1.000,0.000,0.000
10,72,524,100
      1,1,1,2.800,0.000,0.000
      4,1,1,0.154,0.000,0.000,792.000,0.000
      1,1,1,1.046,0.000,0.000
      0,1,1,0.650,90.000,1
      1,1,1,0.000,0.000,-1.300
10,1,1,1
10,1,1,1
