0,0,3
3,4,0.35
2,5,6
1,1.2,1.2
12,1.000
-1,1
43,0
44,zzq.ass
230,501,0,0,0,0,0,0
230,502,-8.8,0,-0.6,0,0,0
230,504,0,0,0,0,0,0
100,115.150,21.700,0.800
250,502,112.500,32.500,17.860
250,504,111.650,21.700,0.800
300,301,3
60,273.000,7.000,108.480
61,273.000,7.000,108.480
70,137,132.6,11.20,198,182.68
90,20.000,104.000,0.800
10,501,1,81
      1,1,1,0.330,0.000,0.000
60,325.000,8.000,148.885
61,325.000,8.000,148.885
      1,1,0,0.001,0.000,0.000
      0,1,1,0.457,90.000,1
      1,1,1,0.000,0.000,0.001
10,1,2,81
      1,1,1,0.000,0.000,0.700
      4,1,1,0.000,0.000,0.500,477.9,0.000
      1,1,1,0.000,0.000,2.093
      0,1,1,0.457,81.469,1
      1,1,1,0.000,0.441,0.066
10,2,3,130
      1,1,1,0.000,0.428,0.064
      0,1,1,0.457,88.739,1
      1,1,1,-1.358,0.000,0.204
10,3,301,100
      1,1,1,-1.336,0.000,0.200
      1,1,1,-0.356,0.000,0.053
10,301,4,82
      1,1,1,-2.263,0.000,0.339
      0,1,1,0.457,88.739,1
      1,1,1,0.000,0.469,0.070
      0,1,1,0.457,81.469,1
      1,1,1,0.000,0.000,0.482
10,4,5,150
      1,1,1,0.000,0.000,5.800
10,5,6,130
      1,1,1,0.000,0.000,1.306
      0,1,1,0.457,81.469,1
      1,1,1,1.356,3.833,0.610
10,6,502,100
      1,1,1,1.144,3.233,0.514
      0,1,1,0.457,81.469,1
      1,1,0,0.000,0.000,1.525
10,301,7,81
      1,1,1,-0.008,-0.356,-0.053
      1,1,1,0.000,-0.514,-0.077
260,8,-10000
10,7,8,81
      1,1,1,0.000,-0.441,-0.066
      0,1,1,0.457,81.494,1
      1,1,1,0.000,0.000,-2.618
      4,1,1,0.000,0.000,-0.500,477.9,0.000
      1,1,1,0.000,0.000,-0.700
10,8,504,100
      1,1,1,0.000,0.000,-0.001
      0,1,1,0.457,90.000,1
      1,1,1,-0.001,0.000,0.000
      1,1,1,-0.330,0.000,0.000
10,1,1,1
10,1,1,1
