0,0,3
3,4,0.35
2,5,6
1,1.2,1.2
12,1.000
-1,1
43,0
44,zzq.ass
230,501,0,0,0,0,0,0
230,504,0,0,0,0,0,0
230,510,-6.3,0,15.3,0,0,0
230,512,-6.3,0,15.3,0,0,0
100,113.950,21.700,0.800
250,502,41.572,26.100,22.100
250,504,110.450,21.700,0.800
250,508,91.828,26.100,22.100
250,510,79.066,29.000,24.032
250,512,37.566,29.000,24.032
300,301,2.92
300,302,2.92
300,303,2.92
300,304,2.92
300,305,2.89
300,306,2.89
60,219.000,6.000,73.498
61,219.000,6.000,73.498
70,137,132.6,11.20,198,182.68
90,20.000,104.000,1.500
10,501,9,81
      1,1,1,-0.280,0.000,0.000
60,273.000,7.000,108.480
61,273.000,7.000,108.480
      1,1,0,-0.001,0.000,0.000
      0,1,1,0.381,90.000,1
      1,1,1,0.000,0.000,0.001
10,9,10,81
      1,1,1,0.000,0.000,0.443
      4,1,1,0.000,0.000,0.650,259.2,0.000
      1,1,1,0.000,0.000,0.600
      4,1,1,0.000,0.000,0.450,402.7,0.000
      1,1,1,0.000,0.000,1.294
      0,1,1,0.381,90.000,1
      1,1,1,0.000,0.449,0.000
10,10,11,130
      1,1,1,0.000,0.489,0.000
      0,1,1,0.381,90.000,1
      1,1,1,-1.419,0.000,0.000
10,11,301,100
      1,1,1,-1.395,0.000,0.000
      1,1,1,-0.305,0.000,0.000
10,301,12,82
      1,1,1,-1.408,0.000,0.000
      0,1,1,0.381,90.000,1
      1,1,1,0.000,0.538,0.000
      0,1,1,0.381,90.000,1
      1,1,1,0.000,0.000,0.619
10,12,13,177
      1,1,1,0.000,0.000,7.000
10,13,14,130
      1,1,1,0.000,0.000,0.619
      0,1,1,0.381,90.000,1
      1,1,1,0.000,-0.338,0.000
      0,1,1,0.381,90.000,1
      1,1,1,-3.619,0.000,0.000
10,14,15,130
      1,1,1,-6.500,0.000,0.000
10,15,16,130
      1,1,1,-2.819,0.000,0.000
      0,1,1,0.381,90.000,1
      1,1,1,0.000,0.438,0.000
      0,1,1,0.381,90.000,1
      1,1,1,0.000,0.000,1.119
10,16,302,100
      1,1,1,0.000,0.000,1.619
      0,1,1,0.381,90.000,1
      1,1,1,0.000,0.714,0.000
      1,1,1,0.000,0.305,0.000
10,302,17,130
      1,1,1,0.000,0.619,0.000
      0,1,1,0.381,90.000,1
      1,1,1,-0.219,0.000,0.000
10,17,18,130
      1,1,1,-0.265,0.000,0.000
      4,1,1,-0.450,0.000,0.000,342.7,0.000
      1,1,0,-0.001,0.000,0.000
      4,1,1,-0.640,0.000,0.000,496.5,0.000
      1,1,0,-0.001,0.000,0.000
      4,1,1,-0.450,0.000,0.000,342.7,0.000
      1,1,1,-0.213,0.000,0.000
10,18,303,100
      1,1,1,-0.001,0.000,0.000
      0,1,1,0.381,90.000,1
      1,1,1,0.000,0.000,0.514
      1,1,1,0.000,0.000,0.305
10,303,304,100
      1,1,1,0.000,0.000,3.019
      0,1,1,0.381,90.000,1
      1,1,1,0.000,-0.414,0.000
      1,1,1,0.000,-0.305,0.000
10,304,19,81
      1,1,1,-0.500,0.000,0.000
10,19,20,130
      1,1,1,-6.100,0.000,0.000
10,20,305,100
      1,1,1,-0.395,0.000,0.000
      1,1,1,-0.305,0.000,0.000
10,305,21,130
      1,1,1,-5.700,0.000,0.000
10,21,22,130
      1,1,1,-6.400,0.000,0.000
10,22,23,177
      1,1,1,-6.400,0.000,0.000
10,23,24,130
      1,1,1,-6.300,0.000,0.000
10,24,25,130
      1,1,1,-0.319,0.000,0.000
      0,1,1,0.381,90.000,1
      1,1,1,0.000,1.238,0.000
      0,1,1,0.381,90.000,1
      1,1,1,-0.619,0.000,0.000
10,25,26,130
      1,1,1,-1.619,0.000,0.000
      0,1,1,0.381,90.000,1
      1,1,1,0.000,-1.238,0.000
      0,1,1,0.381,90.000,1
      1,1,1,-0.419,0.000,0.000
10,26,27,130
      1,1,1,-6.400,0.000,0.000
10,27,306,100
      1,1,1,-5.495,0.000,0.000
      1,1,1,-0.305,0.000,0.000
10,306,28,130
      1,1,1,-0.600,0.000,0.000
10,28,502,100
      1,1,1,-0.300,0.000,0.000
      1,1,1,-0.028,0.000,0.000
10,301,29,81
      1,1,1,0.000,-0.870,0.000
10,29,30,81
      1,1,1,0.000,-0.449,0.000
      0,1,1,0.381,90.000,1
      1,1,1,0.000,0.000,-1.294
      4,1,1,0.000,0.000,-0.450,402.7,0.000
      1,1,1,0.000,0.000,-0.600
      4,1,1,0.000,0.000,-0.650,259.2,0.000
      1,1,1,0.000,0.000,-0.443
10,30,504,100
      1,1,1,0.000,0.000,-0.001
      0,1,1,0.381,90.000,1
      1,1,0,0.001,0.000,0.000
      1,1,1,0.280,0.000,0.000
10,303,31,130
      1,1,1,0.000,-0.619,0.000
      0,1,1,0.381,90.000,1
      1,1,1,0.000,0.000,-0.438
      0,1,1,0.381,90.000,1
      1,1,1,1.069,0.000,0.000
10,31,302,100
      1,1,1,0.275,0.000,0.000
      4,1,1,0.450,0.000,0.000,342.7,0.000
      1,1,1,0.825,0.000,0.000
10,304,508,100
      1,1,1,0.500,0.000,0.000
      1,1,1,0.028,0.000,0.000
60,219.000,6.000,73.498
61,219.000,6.000,73.498
10,305,32,81
      1,1,1,0.000,0.795,0.000
      0,1,1,0.305,90.000,1
      1,1,1,-2.195,0.000,0.000
10,32,33,81
      1,1,1,-0.295,0.000,0.000
      0,1,1,0.305,90.000,1
      1,1,1,0.000,0.495,0.000
      4,1,1,0.000,0.400,0.000,239.2,0.000
      1,1,1,0.000,0.294,0.000
10,33,510,100
      1,1,1,0.000,0.001,0.000
      0,1,1,0.305,90.000,1
      1,1,1,0.000,0.000,0.220
      4,1,1,0.000,0.000,0.550,149.7,0.000
      1,1,1,0.000,0.000,0.552
      0,1,1,0.305,90.000,1
      1,1,0,-1.529,0.000,0.000
10,306,34,81
      1,1,1,0.000,0.795,0.000
      0,1,1,0.305,90.000,1
      1,1,1,-2.195,0.000,0.000
10,34,35,81
      1,1,1,-0.295,0.000,0.000
      0,1,1,0.305,90.000,1
      1,1,1,0.000,0.495,0.000
      4,1,1,0.000,0.400,0.000,239.2,0.000
      1,1,1,0.000,0.294,0.000
10,35,512,100
      1,1,1,0.000,0.001,0.000
      0,1,1,0.305,90.000,1
      1,1,1,0.000,0.000,0.220
      4,1,1,0.000,0.000,0.550,149.7,0.000
      1,1,1,0.000,0.000,0.552
      0,1,1,0.305,90.000,1
      1,1,0,-1.529,0.000,0.000
10,1,1,1
10,1,1,1
