0,0,3
3,4,0.35
2,5,6
1,1.2,1.2
12,1.000
-1,1
43,1
44,zzq.ass
230,501,-6.5,0,0,0,0,0
230,506,-6.5,0,0,0,0,0
230,508,0,0,0.4,0,0,0
230,510,0,0,0.4,0,0,0
230,512,0,0,0.4,0,0,0
230,514,0,0,0.4,0,0,0
100,77.500,29.000,17.910
250,503,78.738,26.200,7.000
250,504,17.150,26.200,7.000
250,506,36.000,29.000,17.910
250,508,18.111,20.500,1.600
250,514,47.211,20.500,1.600
250,510,59.611,20.500,1.600
250,512,77.811,20.500,1.600
300,301,3.4
300,302,3
300,303,3.4
300,304,3.4
300,305,3.4
300,306,3
60,325.000,8.000,148.98
61,325.000,8.000,148.98
71,20
90,20.000,158.000,0.7584
10,501,1,81
      1,0,1,0.000,0.000,-2.016
      0,1,1,0.457,81.469,1
      1,1,1,0.000,-1.811,-0.272
10,1,2,82
      1,1,1,0.000,-1.611,-0.242
      0,1,1,0.457,81.469,1
      1,1,1,0.000,0.000,-2.576
10,2,306,100
      1,1,1,0.000,0.000,-0.900
      4,1,1,0.000,0.000,-0.500,466.5,0.000
      1,1,1,0.000,0.000,-2.896
      0,1,1,0.457,81.469,1
      1,1,1,0.000,1.011,-0.152
60,377.000,10.000,203.51
61,377.000,10.000,203.51
10,306,305,100
      1,1,1,-0.693,0.000,0.000
      1,1,1,-0.420,0.000,0.000
10,305,4,130
      1,1,1,-5.587,0.000,0.000
10,4,5,110
      1,1,1,-2.500,0.000,0.000
10,5,6,81
      1,1,1,-4.900,0.000,0.000
10,6,304,100
      1,1,1,-3.369,0.000,0.000
      1,1,1,-0.420,0.000,0.000
10,304,7,81
      1,1,1,-3.611,0.000,0.000
10,7,8,130
      1,1,1,-0.434,0.000,0.000
      0,1,1,0.566,90.000,1
      1,1,1,0.000,-0.368,0.000
      0,1,1,0.566,90.000,1
      1,1,1,0.000,0.000,-0.867
10,8,9,130
      1,1,1,0.000,0.000,-0.001
      0,1,1,0.566,90.000,1
      1,1,1,-0.359,0.000,0.000
      4,1,1,-0.550,0.000,0.000,613,0.000
      1,1,1,-1.459,0.000,0.000
      0,1,1,0.566,90.000,1
      1,1,1,0.000,0.000,0.001
10,9,10,81
      1,1,1,0.000,0.000,0.867
      0,1,1,0.566,90.000,1
      1,1,1,0.000,0.368,0.000
      0,1,1,0.566,90.000,1
      1,1,1,-0.334,0.000,0.000
10,10,303,100
      1,1,1,-2.969,0.000,0.000
      1,1,1,-0.420,0.000,0.000
10,303,11,81
      1,1,1,-2.611,0.000,0.000
10,11,12,130
      1,1,1,-6.000,0.000,0.000
10,12,302,100
      1,1,1,-2.180,0.000,0.000
      1,1,1,-0.420,0.000,0.000
10,302,13,130
      1,1,1,-3.400,0.000,0.000
10,13,14,110
      1,1,1,-3.900,0.000,0.000
10,14,15,130
      1,1,1,-3.000,0.000,0.000
10,15,16,130
      1,1,1,-6.900,0.000,0.000
10,16,301,100
      1,1,1,-0.269,0.000,0.000
      1,1,1,-0.420,0.000,0.000
10,301,504,100
      1,1,1,-0.923,0.000,0.000
      1,1,1,-0.038,0.000,0.000
10,306,3,130
      1,1,1,0.670,0.000,0.000
10,3,503,100
      1,1,1,0.530,0.000,0.000
      1,1,1,0.038,0.000,0.000
60,325.000,8.000,137.530
61,325.000,8.000,137.530
10,302,17,130
      1,1,1,0.000,-1.011,0.152
      0,1,1,0.457,81.469,1
      1,1,1,0.000,0.000,2.896
      4,1,1,0.000,0.000,0.500,466.5,0.000
      1,1,1,0.000,0.000,0.900
10,17,18,81
      1,1,1,0.000,0.000,2.576
      0,1,1,0.457,81.469,1
      1,1,1,0.000,1.611,0.242
10,18,506,100
      1,1,1,0.000,1.811,0.272
      0,1,1,0.457,81.469,1
      1,1,0,0.000,0.000,2.016
60,273.000,7.000,107.22
61,273.000,7.000,107.22
10,301,19,81
      1,1,1,0.000,-3.100,-0.465
260,20,-8000
10,19,20,82
      1,1,1,0.000,-2.276,-0.341
      0,1,1,0.381,81.469,1
      1,1,1,0.000,0.000,-1.917
10,20,508,100
      1,1,1,0.000,0.000,-1.084
      4,1,1,0.000,0.000,-0.450,351,0.000
      1,1,0,0.000,0.000,-0.766
10,303,21,81
      1,1,1,0.000,-3.100,-0.465
260,22,-7000
10,21,22,82
      1,1,1,0.000,-2.276,-0.341
      0,1,1,0.381,81.469,1
      1,1,1,0.000,0.000,-1.917
10,22,514,100
      1,1,1,0.000,0.000,-1.084
      4,1,1,0.000,0.000,-0.450,351,0.000
      1,1,0,0.000,0.000,-0.766
10,304,23,81
      1,1,1,0.000,-3.100,-0.465
260,24,-5000
10,23,24,82
      1,1,1,0.000,-2.276,-0.341
      0,1,1,0.381,81.469,1
      1,1,1,0.000,0.000,-1.917
10,24,510,100
      1,1,1,0.000,0.000,-1.084
      4,1,1,0.000,0.000,-0.450,351,0.000
      1,1,0,0.000,0.000,-0.766
10,305,25,81
      1,1,1,0.000,-3.100,-0.464
260,26,-9000
10,25,26,82
      1,1,1,0.000,-1.022,-0.153
      0,1,1,0.381,44.475,1
      1,1,1,1.086,-1.086,-0.230
      0,1,1,0.381,81.469,1
      1,1,1,0.000,0.000,-1.829
10,26,512,100
      1,1,1,0.000,0.000,-1.084
      4,1,1,0.000,0.000,-0.450,351,0.000
      1,1,0,0.000,0.000,-0.766
10,1,1,1
10,1,1,1
