0,0,3
3,4,0.35
2,5,6
1,1.2,1.2
12,1.000
-1,2
43,1
44,zzq.ass
230,502,-13.66,-1.41,-7.43,0,0,0
230,506,-13.66,1.41,-7.43,0,0,0
230,510,-5.4,0,8.1,0,0,0
230,512,-5.4,0,8.1,0,0,0
230,514,16.9,0,-5.5,0,0,0
230,517,16.9,0,-5.5,0,0,0
100,93.403,10.773,8.600
250,506,93.403,11.228,8.600
250,507,33.198,26.100,26.700
250,508,79.402,26.100,26.700
250,510,79.200,29.000,21.542
250,512,37.700,29.000,21.542
250,514,62.632,11.000,8.900
250,516,59.988,14.600,6.981
250,517,21.132,11.000,8.900
250,520,18.488,14.600,6.981
300,301,2.79
300,302,2.79
300,303,1.31
300,304,1.31
300,305,1.31
300,306,1.31
300,307,1.41
300,308,2.26
300,309,2.26
60,108.000,8.000,31.37
61,108.000,8.000,31.37
71,12CR1MOV
90,20.000,454.9,0.588
10,502,302,100
      1,1,1,0.000,0.000,-0.600
      0,1,1,0.152,30.000,1
      1,1,1,0.198,0.000,-0.342
      0,1,1,0.152,30.000,1
      1,1,1,0.000,0.004,-2.057
      1,1,0,0.000,-0.004,-0.180
60,219.000,6.000,58.17
61,219.000,6.000,58.17
90,20.000,472,0.588
10,302,504,100
      1,1,1,0.000,-0.117,0.005
      1,1,1,0.000,-0.023,0.000
10,302,301,100
      1,1,1,0.000,0.456,-0.009
10,301,109,81
      1,1,1,0.000,0.573,-0.011
      0,1,1,0.305,89.977,1
      1,1,1,-1.000,0.000,-0.020
      0,1,1,0.305,89.977,1
      1,1,1,0.000,0.500,-0.010
10,109,108,81
      1,1,1,0.000,1.800,-0.036
      0,1,1,0.305,89.977,1
      1,1,1,-1.600,0.000,-0.032
10,108,107,130
      1,1,1,-0.500,0.000,-0.010
      0,1,1,0.305,88.854,1
      1,1,1,0.000,0.000,1.464
      0,1,1,0.305,88.854,1
      1,1,1,-1.500,0.000,-0.030
10,107,106,130
      1,1,1,-1.300,0.000,-0.026
      0,1,1,0.305,89.977,1
      1,1,1,0.000,3.100,-0.062
10,106,105,130
      1,1,1,0.000,4.000,-0.080
      0,1,1,0.305,44.991,1
      1,1,1,-0.372,0.372,-0.011
10,105,104,81
      1,1,1,-1.928,1.928,-0.055
      0,1,1,0.305,44.991,1
      1,1,1,-0.500,0.000,-0.009
260,103,-6000
10,104,103,81
      1,1,1,-5.200,0.000,-0.105
10,103,102,82
      1,1,1,-0.600,0.000,-0.012
      0,1,1,0.305,89.977,1
      1,1,1,0.000,1.300,-0.026
      0,1,1,0.305,88.854,1
      1,1,1,0.000,0.000,3.259
      4,1,1,0.000,0.000,0.600,248.43,0.000
      1,1,1,0.000,0.000,0.001
      4,1,1,0.000,0.000,0.550,286.1,0.000
      1,1,1,0.000,0.000,1.250
10,102,101,177
      1,1,1,0.000,0.000,9.000
10,101,307,100
      1,1,1,0.000,0.000,5.674
      0,1,1,0.305,88.854,1
      1,1,1,0.000,1.300,0.026
60,108.000,8.000,31.37
61,108.000,8.000,31.37
90,20.000,454.9,0.588
10,301,506,100
      1,1,1,0.000,0.004,0.180
      1,1,1,0.000,-0.004,2.067
      0,1,1,0.152,30.000,1
      1,1,1,-0.198,0.000,0.342
      0,1,1,0.152,30.000,1
      1,1,0,0.000,0.000,0.600
60,219.000,8.000,68.28
61,219.000,8.000,68.28
90,20.000,496.4,0.588
10,307,508,100
      1,1,1,0.250,0.000,0.000
      1,1,1,0.052,0.000,0.000
10,307,122,81
      1,1,1,-0.450,0.000,0.000
10,122,306,100
      1,1,1,-0.400,0.000,0.000
      1,1,1,-0.250,0.000,0.000
10,306,305,100
      1,1,1,-3.250,0.000,0.000
      1,1,1,-0.250,0.000,0.000
10,305,121,81
      1,1,1,-0.500,0.000,0.000
10,121,120,81
      1,1,1,-1.725,0.000,0.000
      4,1,1,-0.550,0.000,0.000,333.95,0.000
      1,1,1,-3.525,0.000,0.000
10,120,119,81
      1,1,1,-0.700,0.000,0.000
      0,1,1,0.305,90.000,1
      1,1,1,0.000,2.400,0.000
10,119,118,130
      1,1,1,0.000,0.600,0.000
      0,1,1,0.305,90.000,1
      1,1,1,-3.100,0.000,0.000
10,118,117,130
      1,1,1,-0.700,0.000,0.000
      0,1,1,0.305,90.000,1
      1,1,1,0.000,-3.000,0.000
      0,1,1,0.305,90.000,1
      1,1,1,-0.700,0.000,0.000
10,117,116,177
      1,1,1,-5.500,0.000,0.000
10,116,115,130
      1,1,1,-5.500,0.000,0.000
10,115,114,130
      1,1,1,-0.700,0.000,0.000
      0,1,1,0.305,90.000,1
      1,1,1,0.000,3.000,0.000
      0,1,1,0.305,90.000,1
      1,1,1,-0.700,0.000,0.000
10,114,113,130
      1,1,1,-3.100,0.000,0.000
      0,1,1,0.305,90.000,1
      1,1,1,0.000,-0.650,0.000
10,113,112,130
      1,1,1,0.000,-2.350,0.000
      0,1,1,0.305,90.000,1
      1,1,1,-1.400,0.000,0.000
10,112,111,177
      1,1,1,-6.100,0.000,0.000
10,111,304,100
      1,1,1,-2.050,0.000,0.000
      1,1,1,-0.250,0.000,0.000
260,110,-800
10,304,110,81
      1,1,1,-3.700,0.000,0.000
10,110,303,100
      1,1,1,-0.250,0.000,0.000
      1,1,1,-0.250,0.000,0.000
10,303,507,100
      1,1,1,-0.250,0.000,0.000
      1,1,1,-0.052,0.000,0.000
60,108.000,4.500,24.74
61,108.000,4.500,24.74
10,306,123,82
      1,1,1,0.000,1.600,-0.032
      0,1,1,0.152,89.977,1
      1,1,1,1.200,0.000,-0.024
      0,1,1,0.152,88.854,1
      1,1,1,0.000,0.000,-1.644
10,123,124,81
      1,1,1,0.000,0.000,-1.825
      4,1,1,0.000,0.000,-0.350,45.83,0.000
      1,1,1,0.000,0.000,-0.699
      0,1,1,0.152,88.854,1
      1,1,1,0.000,0.400,-0.008
10,124,510,100
      1,1,1,0.000,0.225,-0.005
      4,1,1,0.000,0.350,-0.007,77.53,0.000
      1,1,1,0.000,0.325,-0.007
      0,1,1,0.152,88.854,1
      1,1,0,0.000,0.000,-0.558
10,304,125,82
      1,1,1,0.000,1.600,-0.032
      0,1,1,0.152,88.854,1
      1,1,1,0.000,0.000,-1.668
10,125,126,81
      1,1,1,0.000,0.000,-1.825
      4,1,1,0.000,0.000,-0.350,45.83,0.000
      1,1,1,0.000,0.000,-0.699
      0,1,1,0.152,88.854,1
      1,1,1,0.000,0.400,-0.008
10,126,512,100
      1,1,1,0.000,0.225,-0.005
      4,1,1,0.000,0.350,-0.007,77.53,0.000
      1,1,1,0.000,0.325,-0.007
      0,1,1,0.152,88.854,1
      1,1,0,0.000,0.000,-0.558
60,108.000,4.500,24.74
61,108.000,4.500,24.74
70,147,102,13.99,206,163.4
90,20.000,496.4,0.588
10,305,201,82
      1,1,1,0.000,-1.300,-0.026
      0,1,1,0.152,88.854,1
      1,1,1,0.000,0.000,-3.674
10,201,202,177
      1,1,1,0.000,0.000,-6.050
10,202,214,82
      1,1,1,0.000,0.000,-5.450
10,214,203,82
      1,1,1,0.000,0.000,-0.575
      4,1,1,0.000,0.000,-0.350,77.53,0.000
      1,1,0,0.000,0.000,-0.001
      4,1,1,0.000,0.000,-0.350,45.83,0.000
      1,1,1,0.000,0.000,-2.725
10,203,204,81
      1,1,1,0.000,0.000,-1.013
      0,1,1,0.152,88.854,1
      1,1,1,0.000,-1.900,0.038
      0,1,1,0.152,89.977,1
      1,1,1,-0.400,0.000,0.008
10,204,205,150
      1,1,1,-0.600,0.000,0.012
      0,1,1,0.152,89.977,1
      1,1,1,0.000,-2.400,0.048
10,205,206,81
      1,1,1,0.000,-3.800,0.076
10,206,207,130
      1,1,1,0.000,-3.450,0.069
      0,1,1,0.152,89.977,1
      1,1,1,-0.600,0.000,0.012
10,207,208,130
      1,1,1,-3.700,0.000,0.075
10,208,209,130
      1,1,1,-3.700,0.000,0.075
10,209,308,100
      1,1,1,-1.131,0.000,0.023
      1,1,1,-0.120,0.000,0.000
60,108.000,4.500,23.12
61,108.000,4.500,23.12
70,147,120,13.91,206,165
90,20.000,470.600,0.588
10,308,210,81
      1,1,1,0.000,-0.250,0.005
260,211,-500
10,210,211,82
      1,1,1,0.000,-1.100,0.022
      0,1,1,0.152,89.977,1
      1,1,1,-0.900,0.000,0.018
10,211,514,100
      1,1,1,-0.718,0.000,0.014
      0,1,1,0.152,89.977,1
      1,1,1,0.000,-0.900,0.018
      0,1,1,0.152,88.854,1
      1,1,0,0.000,0.000,1.900
60,108.000,4.500,24.74
61,108.000,4.500,24.74
70,147,102,13.99,206,163.4
90,20.000,496.400,0.588
10,308,212,130
      1,1,1,0.000,0.120,-0.002
      1,1,1,0.000,1.230,-0.025
      0,1,1,0.152,90.023,1
      1,1,1,-0.450,0.000,0.009
10,212,213,130
      1,1,1,-3.650,0.000,0.073
10,213,516,100
      1,1,1,-0.150,0.000,0.003
      1,1,1,-0.012,0.000,0.000
10,303,411,82
      1,1,1,0.000,-1.300,-0.026
      0,1,1,0.152,88.854,1
      1,1,1,0.000,0.000,-3.674
10,411,410,177
      1,1,1,0.000,0.000,-6.050
10,410,414,82
      1,1,1,0.000,0.000,-5.450
10,414,409,82
      1,1,1,0.000,0.000,-0.575
      4,1,1,0.000,0.000,-0.350,77.53,0.000
      1,1,1,0.000,0.000,-0.001
      4,1,1,0.000,0.000,-0.350,45.83,0.000
      1,1,1,0.000,0.000,-2.725
10,409,408,81
      1,1,1,0.000,0.000,-1.023
      0,1,1,0.152,88.854,1
      1,1,1,0.000,-2.600,0.052
10,408,407,150
      1,1,1,0.000,-0.300,0.006
      0,1,1,0.152,89.977,1
      1,1,1,-1.500,0.000,0.030
      0,1,1,0.152,89.977,1
      1,1,1,0.000,-1.400,0.028
10,407,406,81
      1,1,1,0.000,-4.000,0.080
10,406,405,130
      1,1,1,0.000,-3.250,0.065
      0,1,1,0.152,89.977,1
      1,1,1,-0.600,0.000,0.012
10,405,404,130
      1,1,1,-3.700,0.000,0.074
10,404,403,130
      1,1,1,-3.700,0.000,0.074
10,403,309,100
      1,1,1,-1.131,0.000,0.023
      1,1,1,-0.120,0.000,0.002
60,108.000,4.500,23.12
61,108.000,4.500,23.12
70,147,120,13.91,206,165
90,20.000,470.600,0.588
10,309,402,81
      1,1,1,0.000,-0.250,0.005
260,401,-500
10,402,401,82
      1,1,1,0.000,-1.100,0.022
      0,1,1,0.152,89.977,1
      1,1,1,-0.900,0.000,0.018
10,401,517,100
      1,1,1,-0.718,0.000,0.014
      0,1,1,0.152,89.977,1
      1,1,1,0.000,-0.900,0.018
      0,1,1,0.152,88.854,1
      1,1,1,0.000,0.000,1.900
60,108.000,4.500,24.74
61,108.000,4.500,24.74
70,147,102,13.99,206,163.4
90,20.000,496.400,0.588
10,309,412,130
      1,1,1,0.000,0.120,-0.002
      1,1,1,0.000,1.230,-0.025
      0,1,1,0.152,90.023,1
      1,1,1,-0.450,0.000,0.009
10,412,413,130
      1,1,1,-3.650,0.000,0.073
10,413,520,100
      1,1,1,-0.150,0.000,0.003
      1,1,1,-0.012,0.000,0.000
10,1,1,1
10,1,1,1
